100206
100610
101309
102008
102513
102816
103212
103818
104820
105216
106016
106824
107422
108121
108525
109830
110613
100307
101006
101410
102109
102614
103010
103414
104012
105014
105620
106319
107018
107725
108222
108828
110007
111009
100408
101107
101915
102311
102715
103111
103515
104416
105115
105923
106521
107321
108020
108323
109123
110411
111211
111312
111413
111514
111716
112112
112314
112516
112819
112920
113215
113316
113619
113821
113922
114116
114217
114318
114419
114621
114823
115017
115219
115320
115724
115825
116221
116423
116524
116726
117021
117122
117324
117930
118023
118124
118225
118528
118730
118831
118932
119025
119126
119732
119833
120010
120111
120212
120414
120515
